<LidarData> {   'point_cloud': [   0.0],
    'pose': <Pose> {   'orientation': <Quaternionr> {   'w_val': 0.9904654622077942,
    'x_val': 0.1326131820678711,
    'y_val': -0.0004355914134066552,
    'z_val': 0.03730660676956177},
    'position': <Vector3r> {   'x_val': 10.106201171875,
    'y_val': -23.993125915527344,
    'z_val': -17.09177589416504}},
    'time_stamp': 1563996881174456320}