<LidarData> {   'point_cloud': [   0.0],
    'pose': <Pose> {   'orientation': <Quaternionr> {   'w_val': 0.9592397809028625,
    'x_val': 0.014835231937468052,
    'y_val': -0.27868369221687317,
    'z_val': 0.044434044510126114},
    'position': <Vector3r> {   'x_val': 6.695614337921143,
    'y_val': -9.019752502441406,
    'z_val': -15.312629699707031}},
    'time_stamp': 1563996689899375872}