<LidarData> {   'point_cloud': [   0.0],
    'pose': <Pose> {   'orientation': <Quaternionr> {   'w_val': 0.9998286366462708,
    'x_val': 0.017313852906227112,
    'y_val': -0.001968167955055833,
    'z_val': 0.0062587205320596695},
    'position': <Vector3r> {   'x_val': 8.576925277709961,
    'y_val': -36.64313888549805,
    'z_val': -16.03812599182129}},
    'time_stamp': 1563988361106214912}