<LidarData> {   'point_cloud': [   0.0],
    'pose': <Pose> {   'orientation': <Quaternionr> {   'w_val': 0.9910908341407776,
    'x_val': -0.01626240275800228,
    'y_val': 0.1263192594051361,
    'z_val': 0.03896025940775871},
    'position': <Vector3r> {   'x_val': 9.832060813903809,
    'y_val': -8.715554237365723,
    'z_val': -15.886887550354004}},
    'time_stamp': 1563988521500647680}