<LidarData> {   'point_cloud': [   0.0],
    'pose': <Pose> {   'orientation': <Quaternionr> {   'w_val': 0.9996427297592163,
    'x_val': 0.026021886616945267,
    'y_val': -0.0029149865731596947,
    'z_val': 0.005375613458454609},
    'position': <Vector3r> {   'x_val': 8.678462028503418,
    'y_val': -35.69115447998047,
    'z_val': -16.083263397216797}},
    'time_stamp': 1563988161031946752}