<LidarData> {   'point_cloud': [   0.0],
    'pose': <Pose> {   'orientation': <Quaternionr> {   'w_val': 0.9996157884597778,
    'x_val': 0.026834528893232346,
    'y_val': -0.0030291671864688396,
    'z_val': 0.006257099099457264},
    'position': <Vector3r> {   'x_val': 8.689117431640625,
    'y_val': -35.59406280517578,
    'z_val': -16.088098526000977}},
    'time_stamp': 1563988360086193152}