<LidarData> {   'point_cloud': [   0.0],
    'pose': <Pose> {   'orientation': <Quaternionr> {   'w_val': 0.9997602105140686,
    'x_val': -0.01850559376180172,
    'y_val': 0.01144693698734045,
    'z_val': -0.002470567589625716},
    'position': <Vector3r> {   'x_val': 10.879321098327637,
    'y_val': -14.704222679138184,
    'z_val': -15.785479545593262}},
    'time_stamp': 1563988091166878208}