<LidarData> {   'point_cloud': [   0.0],
    'pose': <Pose> {   'orientation': <Quaternionr> {   'w_val': 0.9910584092140198,
    'x_val': -0.015568961389362812,
    'y_val': 0.12666207551956177,
    'z_val': 0.03895783796906471},
    'position': <Vector3r> {   'x_val': 9.873846054077148,
    'y_val': -8.717547416687012,
    'z_val': -15.89231014251709}},
    'time_stamp': 1563988085046747648}