<LidarData> {   'point_cloud': [   0.0],
    'pose': <Pose> {   'orientation': <Quaternionr> {   'w_val': 0.9979838728904724,
    'x_val': 0.0629432201385498,
    'y_val': -0.00781786534935236,
    'z_val': 0.002304802183061838},
    'position': <Vector3r> {   'x_val': 8.9755220413208,
    'y_val': -31.402984619140625,
    'z_val': -16.364791870117188}},
    'time_stamp': 1563988044028552192}