<LidarData> {   'point_cloud': [   0.0],
    'pose': <Pose> {   'orientation': <Quaternionr> {   'w_val': 0.999788224697113,
    'x_val': 0.003047455567866564,
    'y_val': 0.0058792103081941605,
    'z_val': 0.019485337659716606},
    'position': <Vector3r> {   'x_val': 9.663675308227539,
    'y_val': -6.893555641174316,
    'z_val': -15.523064613342285}},
    'time_stamp': 1563996850777807872}