<LidarData> {   'point_cloud': [   0.0],
    'pose': <Pose> {   'orientation': <Quaternionr> {   'w_val': 0.9998235106468201,
    'x_val': 0.017410200089216232,
    'y_val': -0.0020361123606562614,
    'z_val': 0.006756061688065529},
    'position': <Vector3r> {   'x_val': 8.564836502075195,
    'y_val': -36.401790618896484,
    'z_val': -16.03902816772461}},
    'time_stamp': 1563988098409032704}