<LidarData> {   'point_cloud': [   0.0],
    'pose': <Pose> {   'orientation': <Quaternionr> {   'w_val': 0.9991590976715088,
    'x_val': 0.040400587022304535,
    'y_val': -0.004479501862078905,
    'z_val': 0.0053727892227470875},
    'position': <Vector3r> {   'x_val': 8.846261024475098,
    'y_val': -34.10803985595703,
    'z_val': -16.18415069580078}},
    'time_stamp': 1563988160011924992}