<LidarData> {   'point_cloud': [   0.0],
    'pose': <Pose> {   'orientation': <Quaternionr> {   'w_val': 0.9635962843894958,
    'x_val': 0.23759447038173676,
    'y_val': -0.12077301740646362,
    'z_val': -0.021095652133226395},
    'position': <Vector3r> {   'x_val': 9.727452278137207,
    'y_val': -17.401500701904297,
    'z_val': -16.150896072387695}},
    'time_stamp': 1563988036684395520}