<LidarData> {   'point_cloud': [   0.0],
    'pose': <Pose> {   'orientation': <Quaternionr> {   'w_val': 0.9598607420921326,
    'x_val': 0.01476344745606184,
    'y_val': -0.276297390460968,
    'z_val': 0.045925453305244446},
    'position': <Vector3r> {   'x_val': 6.827259540557861,
    'y_val': -9.005414009094238,
    'z_val': -15.34865951538086}},
    'time_stamp': 1563988519562606336}