<LidarData> {   'point_cloud': [   0.0],
    'pose': <Pose> {   'orientation': <Quaternionr> {   'w_val': 0.9991654753684998,
    'x_val': 0.040460262447595596,
    'y_val': -0.005100608337670565,
    'z_val': 0.0023070808965712786},
    'position': <Vector3r> {   'x_val': 8.671381950378418,
    'y_val': -33.88127899169922,
    'z_val': -16.185583114624023}},
    'time_stamp': 1563988045048573952}