<LidarData> {   'point_cloud': [   0.0],
    'pose': <Pose> {   'orientation': <Quaternionr> {   'w_val': 0.9991753697395325,
    'x_val': 0.039870601147413254,
    'y_val': -0.004458850249648094,
    'z_val': 0.006254129111766815},
    'position': <Vector3r> {   'x_val': 8.841283798217773,
    'y_val': -34.15864562988281,
    'z_val': -16.179832458496094}},
    'time_stamp': 1563988359168173568}