<LidarData> {   'point_cloud': [   0.0],
    'pose': <Pose> {   'orientation': <Quaternionr> {   'w_val': 0.9590232372283936,
    'x_val': 0.01541523914784193,
    'y_val': -0.2791188061237335,
    'z_val': 0.046146001666784286},
    'position': <Vector3r> {   'x_val': 6.815319538116455,
    'y_val': -9.01284122467041,
    'z_val': -15.305350303649902}},
    'time_stamp': 1563988345703886336}