<LidarData> {   'point_cloud': [   0.0],
    'pose': <Pose> {   'orientation': <Quaternionr> {   'w_val': 0.9939166903495789,
    'x_val': 0.04970013350248337,
    'y_val': 0.0982823595404625,
    'z_val': -0.0003090554673690349},
    'position': <Vector3r> {   'x_val': 15.099649429321289,
    'y_val': -7.581408977508545,
    'z_val': -18.850135803222656}},
    'time_stamp': 1563988079130621440}