<LidarData> {   'point_cloud': [   0.0],
    'pose': <Pose> {   'orientation': <Quaternionr> {   'w_val': 0.9952085614204407,
    'x_val': 0.0970175489783287,
    'y_val': -0.010438189841806889,
    'z_val': 0.006208845414221287},
    'position': <Vector3r> {   'x_val': 9.487174034118652,
    'y_val': -27.902978897094727,
    'z_val': -16.429155349731445}},
    'time_stamp': 1563988357128130048}