<LidarData> {   'point_cloud': [   0.0],
    'pose': <Pose> {   'orientation': <Quaternionr> {   'w_val': 0.9974717497825623,
    'x_val': -0.012821095995604992,
    'y_val': -0.05478378385305405,
    'z_val': 0.04341219738125801},
    'position': <Vector3r> {   'x_val': 7.707100868225098,
    'y_val': -8.809277534484863,
    'z_val': -15.521493911743164}},
    'time_stamp': 1563988346621905920}