<LidarData> {   'point_cloud': [   0.0],
    'pose': <Pose> {   'orientation': <Quaternionr> {   'w_val': 0.9998405575752258,
    'x_val': 0.017445243895053864,
    'y_val': -0.0020406763069331646,
    'z_val': 0.0032188058830797672},
    'position': <Vector3r> {   'x_val': 8.51212215423584,
    'y_val': -36.43156433105469,
    'z_val': -16.038928985595703}},
    'time_stamp': 1563996705301704448}