<LidarData> {   'point_cloud': [   0.0],
    'pose': <Pose> {   'orientation': <Quaternionr> {   'w_val': 0.9939467310905457,
    'x_val': -0.09682685136795044,
    'y_val': 0.05052761361002922,
    'z_val': -0.011893890798091888},
    'position': <Vector3r> {   'x_val': 10.725580215454102,
    'y_val': -15.334157943725586,
    'z_val': -15.66749095916748}},
    'time_stamp': 1563988038622436864}