<LidarData> {   'point_cloud': [   0.0],
    'pose': <Pose> {   'orientation': <Quaternionr> {   'w_val': 0.9613775014877319,
    'x_val': 0.2511083483695984,
    'y_val': -0.11163295060396194,
    'z_val': -0.015360742807388306},
    'position': <Vector3r> {   'x_val': 9.74596881866455,
    'y_val': -17.447406768798828,
    'z_val': -16.16070556640625}},
    'time_stamp': 1563988151647746560}