<LidarData> {   'point_cloud': [   0.0],
    'pose': <Pose> {   'orientation': <Quaternionr> {   'w_val': 0.9936193227767944,
    'x_val': 0.05086259916424751,
    'y_val': 0.10066629201173782,
    'z_val': -0.00017573191144037992},
    'position': <Vector3r> {   'x_val': 14.92223834991455,
    'y_val': -7.4903388023376465,
    'z_val': -18.976011276245117}},
    'time_stamp': 1563988027606201856}