<LidarData> {   'point_cloud': [   0.0],
    'pose': <Pose> {   'orientation': <Quaternionr> {   'w_val': 0.9585345387458801,
    'x_val': 0.016685033217072487,
    'y_val': -0.28057342767715454,
    'z_val': 0.04703015461564064},
    'position': <Vector3r> {   'x_val': 6.763132095336914,
    'y_val': -9.030255317687988,
    'z_val': -15.21341323852539}},
    'time_stamp': 1563988146547637760}