<LidarData> {   'point_cloud': [   0.0],
    'pose': <Pose> {   'orientation': <Quaternionr> {   'w_val': 0.9973964095115662,
    'x_val': 0.06941638141870499,
    'y_val': -0.013881797902286053,
    'z_val': -0.013749544508755207},
    'position': <Vector3r> {   'x_val': 9.992704391479492,
    'y_val': -17.091943740844727,
    'z_val': -15.556379318237305}},
    'time_stamp': 1563996695917504256}