<LidarData> {   'point_cloud': [   0.0],
    'pose': <Pose> {   'orientation': <Quaternionr> {   'w_val': 0.960638165473938,
    'x_val': 0.2526876628398895,
    'y_val': -0.1137627586722374,
    'z_val': -0.019530760124325752},
    'position': <Vector3r> {   'x_val': 9.789999961853027,
    'y_val': -17.389692306518555,
    'z_val': -16.16138458251953}},
    'time_stamp': 1563996694897482496}