<LidarData> {   'point_cloud': [   0.0],
    'pose': <Pose> {   'orientation': <Quaternionr> {   'w_val': 0.9981633424758911,
    'x_val': -0.01482592523097992,
    'y_val': -0.03912017121911049,
    'z_val': 0.043815262615680695},
    'position': <Vector3r> {   'x_val': 7.768469333648682,
    'y_val': -8.798256874084473,
    'z_val': -15.50156021118164}},
    'time_stamp': 1563988147567659520}