<LidarData> {   'point_cloud': [   0.0],
    'pose': <Pose> {   'orientation': <Quaternionr> {   'w_val': 0.9996243119239807,
    'x_val': 0.02703900635242462,
    'y_val': -0.0031412867829203606,
    'z_val': 0.0032178338151425123},
    'position': <Vector3r> {   'x_val': 8.631866455078125,
    'y_val': -35.37474822998047,
    'z_val': -16.089893341064453}},
    'time_stamp': 1563996704281682688}