<LidarData> {   'point_cloud': [   0.0],
    'pose': <Pose> {   'orientation': <Quaternionr> {   'w_val': 0.9996205568313599,
    'x_val': 0.02723013423383236,
    'y_val': -0.0034639297518879175,
    'z_val': 0.002308341907337308},
    'position': <Vector3r> {   'x_val': 8.490401268005371,
    'y_val': -35.337589263916016,
    'z_val': -16.091182708740234}},
    'time_stamp': 1563988045966593536}