<LidarData> {   'point_cloud': [   0.0],
    'pose': <Pose> {   'orientation': <Quaternionr> {   'w_val': 0.9956581592559814,
    'x_val': 0.09225466102361679,
    'y_val': -0.010431033559143543,
    'z_val': 0.0067237913608551025},
    'position': <Vector3r> {   'x_val': 9.430108070373535,
    'y_val': -28.219953536987305,
    'z_val': -16.441898345947266}},
    'time_stamp': 1563988531088852224}