<LidarData> {   'point_cloud': [   0.0],
    'pose': <Pose> {   'orientation': <Quaternionr> {   'w_val': 0.9619370698928833,
    'x_val': 0.24874530732631683,
    'y_val': -0.11215230077505112,
    'z_val': -0.014990722760558128},
    'position': <Vector3r> {   'x_val': 9.734902381896973,
    'y_val': -17.44547462463379,
    'z_val': -16.15581703186035}},
    'time_stamp': 1563988088106812928}