<LidarData> {   'point_cloud': [   0.0],
    'pose': <Pose> {   'orientation': <Quaternionr> {   'w_val': 0.999162495136261,
    'x_val': 0.040092647075653076,
    'y_val': -0.004612638149410486,
    'z_val': 0.006751075387001038},
    'position': <Vector3r> {   'x_val': 8.837547302246094,
    'y_val': -33.903045654296875,
    'z_val': -16.18379783630371}},
    'time_stamp': 1563988096470991360}