<LidarData> {   'point_cloud': [   0.0],
    'pose': <Pose> {   'orientation': <Quaternionr> {   'w_val': 0.9610403776168823,
    'x_val': 0.25126901268959045,
    'y_val': -0.11407304555177689,
    'z_val': -0.015896959230303764},
    'position': <Vector3r> {   'x_val': 9.761080741882324,
    'y_val': -17.393896102905273,
    'z_val': -16.157258987426758}},
    'time_stamp': 1563988524560712960}