<LidarData> {   'point_cloud': [   0.0],
    'pose': <Pose> {   'orientation': <Quaternionr> {   'w_val': 0.9976745247840881,
    'x_val': 0.06611931324005127,
    'y_val': -0.013187527656555176,
    'z_val': -0.009991333819925785},
    'position': <Vector3r> {   'x_val': 9.973398208618164,
    'y_val': -17.053834915161133,
    'z_val': -15.549640655517578}},
    'time_stamp': 1563988525580734720}