<LidarData> {   'point_cloud': [   0.0],
    'pose': <Pose> {   'orientation': <Quaternionr> {   'w_val': 0.9985098242759705,
    'x_val': 0.05161665380001068,
    'y_val': -0.008828733116388321,
    'z_val': -0.015363134443759918},
    'position': <Vector3r> {   'x_val': 10.030129432678223,
    'y_val': -16.925264358520508,
    'z_val': -15.535492897033691}},
    'time_stamp': 1563988037704417280}