<LidarData> {   'point_cloud': [   0.0],
    'pose': <Pose> {   'orientation': <Quaternionr> {   'w_val': 0.9983870983123779,
    'x_val': -0.015679141506552696,
    'y_val': -0.034059878438711166,
    'z_val': 0.042630311101675034},
    'position': <Vector3r> {   'x_val': 7.868340492248535,
    'y_val': -8.78443431854248,
    'z_val': -15.535573959350586}},
    'time_stamp': 1563988032604308480}