<LidarData> {   'point_cloud': [   0.0],
    'pose': <Pose> {   'orientation': <Quaternionr> {   'w_val': 0.9911292791366577,
    'x_val': -0.017014577984809875,
    'y_val': 0.12585072219371796,
    'z_val': 0.03917791694402695},
    'position': <Vector3r> {   'x_val': 9.772812843322754,
    'y_val': -8.712440490722656,
    'z_val': -15.87367057800293}},
    'time_stamp': 1563988347641927680}