<LidarData> {   'point_cloud': [   0.0],
    'pose': <Pose> {   'orientation': <Quaternionr> {   'w_val': 0.994037389755249,
    'x_val': -0.09925735741853714,
    'y_val': 0.044766221195459366,
    'z_val': -0.005809572990983725},
    'position': <Vector3r> {   'x_val': 10.608720779418945,
    'y_val': -15.374446868896484,
    'z_val': -15.663076400756836}},
    'time_stamp': 1563988090044854272}