<LidarData> {   'point_cloud': [   0.0],
    'pose': <Pose> {   'orientation': <Quaternionr> {   'w_val': 0.9998297095298767,
    'x_val': 0.017542144283652306,
    'y_val': -0.0019773428793996572,
    'z_val': 0.005376877263188362},
    'position': <Vector3r> {   'x_val': 8.578553199768066,
    'y_val': -36.62545394897461,
    'z_val': -16.039146423339844}},
    'time_stamp': 1563988161949966336}