<LidarData> {   'point_cloud': [   0.0],
    'pose': <Pose> {   'orientation': <Quaternionr> {   'w_val': 0.9968157410621643,
    'x_val': 0.07528625428676605,
    'y_val': -0.02093316987156868,
    'z_val': -0.015880893915891647},
    'position': <Vector3r> {   'x_val': 9.946784973144531,
    'y_val': -17.091915130615234,
    'z_val': -15.566560745239258}},
    'time_stamp': 1563988037602415104}