<LidarData> {   'point_cloud': [   0.0],
    'pose': <Pose> {   'orientation': <Quaternionr> {   'w_val': 0.9996391534805298,
    'x_val': 0.025825047865509987,
    'y_val': -0.0030016680248081684,
    'z_val': 0.006754547823220491},
    'position': <Vector3r> {   'x_val': 8.66661548614502,
    'y_val': -35.47437286376953,
    'z_val': -16.083091735839844}},
    'time_stamp': 1563988097491013120}