<LidarData> {   'point_cloud': [   0.0],
    'pose': <Pose> {   'orientation': <Quaternionr> {   'w_val': 0.9955636262893677,
    'x_val': 0.09327860921621323,
    'y_val': -0.01035203319042921,
    'z_val': 0.0067097824066877365},
    'position': <Vector3r> {   'x_val': 9.455385208129883,
    'y_val': -28.077058792114258,
    'z_val': -16.43071174621582}},
    'time_stamp': 1563988094532950016}