<LidarData> {   'point_cloud': [   0.0],
    'pose': <Pose> {   'orientation': <Quaternionr> {   'w_val': 0.9912688732147217,
    'x_val': -0.017577512189745903,
    'y_val': 0.12464282661676407,
    'z_val': 0.039258792996406555},
    'position': <Vector3r> {   'x_val': 9.728347778320312,
    'y_val': -8.708959579467773,
    'z_val': -15.873956680297852}},
    'time_stamp': 1563988084944745472}