<LidarData> {   'point_cloud': [   0.0],
    'pose': <Pose> {   'orientation': <Quaternionr> {   'w_val': 0.9999052882194519,
    'x_val': -0.005173592362552881,
    'y_val': 0.01014738716185093,
    'z_val': -0.007725323084741831},
    'position': <Vector3r> {   'x_val': 11.005328178405762,
    'y_val': -14.783500671386719,
    'z_val': -15.800577163696289}},
    'time_stamp': 1563988039744460800}