<LidarData> {   'point_cloud': [   0.0],
    'pose': <Pose> {   'orientation': <Quaternionr> {   'w_val': 0.9979850649833679,
    'x_val': 0.06284867972135544,
    'y_val': -0.006861414294689894,
    'z_val': 0.005367043893784285},
    'position': <Vector3r> {   'x_val': 9.105016708374023,
    'y_val': -31.632667541503906,
    'z_val': -16.364341735839844}},
    'time_stamp': 1563988158991903232}