<LidarData> {   'point_cloud': [   0.0],
    'pose': <Pose> {   'orientation': <Quaternionr> {   'w_val': 0.9980054497718811,
    'x_val': 0.06236770749092102,
    'y_val': -0.007065527606755495,
    'z_val': 0.0067437333054840565},
    'position': <Vector3r> {   'x_val': 9.10104751586914,
    'y_val': -31.446598052978516,
    'z_val': -16.36200523376465}},
    'time_stamp': 1563988095450969600}