<LidarData> {   'point_cloud': [   0.0],
    'pose': <Pose> {   'orientation': <Quaternionr> {   'w_val': 0.9991768002510071,
    'x_val': 0.04017544910311699,
    'y_val': -0.004624858498573303,
    'z_val': 0.003216204233467579},
    'position': <Vector3r> {   'x_val': 8.79435920715332,
    'y_val': -33.92867660522461,
    'z_val': -16.18318748474121}},
    'time_stamp': 1563996703363663104}