<LidarData> {   'point_cloud': [   0.0],
    'pose': <Pose> {   'orientation': <Quaternionr> {   'w_val': 0.9986365437507629,
    'x_val': -0.015768010169267654,
    'y_val': -0.025141054764389992,
    'z_val': 0.04294672980904579},
    'position': <Vector3r> {   'x_val': 7.926027297973633,
    'y_val': -8.78546142578125,
    'z_val': -15.539164543151855}},
    'time_stamp': 1563988346723908096}