<LidarData> {   'point_cloud': [   0.0],
    'pose': <Pose> {   'orientation': <Quaternionr> {   'w_val': 0.9980458617210388,
    'x_val': 0.06171038746833801,
    'y_val': -0.007120458874851465,
    'z_val': 0.006755709648132324},
    'position': <Vector3r> {   'x_val': 9.072410583496094,
    'y_val': -31.555618286132812,
    'z_val': -16.355968475341797}},
    'time_stamp': 1563988532006871808}