<LidarData> {   'point_cloud': [   0.0],
    'pose': <Pose> {   'orientation': <Quaternionr> {   'w_val': 0.9952460527420044,
    'x_val': 0.09655002504587173,
    'y_val': -0.01088580023497343,
    'z_val': 0.0067113409750163555},
    'position': <Vector3r> {   'x_val': 9.478485107421875,
    'y_val': -27.762964248657227,
    'z_val': -16.417804718017578}},
    'time_stamp': 1563988530986850048}