<LidarData> {   'point_cloud': [   0.0],
    'pose': <Pose> {   'orientation': <Quaternionr> {   'w_val': 0.9994027018547058,
    'x_val': -0.00525283208116889,
    'y_val': 0.0023819468915462494,
    'z_val': 0.034073665738105774},
    'position': <Vector3r> {   'x_val': 9.808419227600098,
    'y_val': -14.264693260192871,
    'z_val': -16.260461807250977}},
    'time_stamp': 1563996872606273536}