<LidarData> {   'point_cloud': [   0.0],
    'pose': <Pose> {   'orientation': <Quaternionr> {   'w_val': 0.9980147480964661,
    'x_val': 0.06249826028943062,
    'y_val': -0.007086904253810644,
    'z_val': 0.003212947864085436},
    'position': <Vector3r> {   'x_val': 9.067351341247559,
    'y_val': -31.46797752380371,
    'z_val': -16.361495971679688}},
    'time_stamp': 1563996702343641344}