<LidarData> {   'point_cloud': [   0.0],
    'pose': <Pose> {   'orientation': <Quaternionr> {   'w_val': 0.9968801736831665,
    'x_val': -0.012562546879053116,
    'y_val': -0.06490110605955124,
    'z_val': 0.04312819987535477},
    'position': <Vector3r> {   'x_val': 7.643604755401611,
    'y_val': -8.809245109558105,
    'z_val': -15.518735885620117}},
    'time_stamp': 1563988032502306304}