<LidarData> {   'point_cloud': [   0.0],
    'pose': <Pose> {   'orientation': <Quaternionr> {   'w_val': 0.9585458040237427,
    'x_val': 0.015625951811671257,
    'y_val': -0.28074151277542114,
    'z_val': 0.04615134745836258},
    'position': <Vector3r> {   'x_val': 6.752628326416016,
    'y_val': -9.018539428710938,
    'z_val': -15.27109432220459}},
    'time_stamp': 1563988031584286720}