<LidarData> {   'point_cloud': [   0.0],
    'pose': <Pose> {   'orientation': <Quaternionr> {   'w_val': 0.9954899549484253,
    'x_val': 0.09414494782686234,
    'y_val': -0.011463763192296028,
    'z_val': 0.002278907224535942},
    'position': <Vector3r> {   'x_val': 9.385165214538574,
    'y_val': -28.00324249267578,
    'z_val': -16.431976318359375}},
    'time_stamp': 1563988043110532608}