<LidarData> {   'point_cloud': [   0.0],
    'pose': <Pose> {   'orientation': <Quaternionr> {   'w_val': 0.9998265504837036,
    'x_val': 0.01722896285355091,
    'y_val': -0.002051364164799452,
    'z_val': 0.006767821032553911},
    'position': <Vector3r> {   'x_val': 8.53161334991455,
    'y_val': -36.45829391479492,
    'z_val': -16.038013458251953}},
    'time_stamp': 1563988534964934912}