<LidarData> {   'point_cloud': [   0.0],
    'pose': <Pose> {   'orientation': <Quaternionr> {   'w_val': 0.9996156096458435,
    'x_val': 0.02670215629041195,
    'y_val': -0.003157404949888587,
    'z_val': 0.00676609156653285},
    'position': <Vector3r> {   'x_val': 8.648326873779297,
    'y_val': -35.41432189941406,
    'z_val': -16.087886810302734}},
    'time_stamp': 1563988533944913152}