<LidarData> {   'point_cloud': [   0.0],
    'pose': <Pose> {   'orientation': <Quaternionr> {   'w_val': 0.9996111989021301,
    'x_val': 0.02718985080718994,
    'y_val': -0.0030432697385549545,
    'z_val': 0.005375413224101067},
    'position': <Vector3r> {   'x_val': 8.692160606384277,
    'y_val': -35.562557220458984,
    'z_val': -16.09035301208496}},
    'time_stamp': 1563988160929944576}