<LidarData> {   'point_cloud': [   0.0],
    'pose': <Pose> {   'orientation': <Quaternionr> {   'w_val': 0.9991011023521423,
    'x_val': 0.041667696088552475,
    'y_val': -0.0046539162285625935,
    'z_val': 0.0062536634504795074},
    'position': <Vector3r> {   'x_val': 8.862152099609375,
    'y_val': -33.96065139770508,
    'z_val': -16.193971633911133}},
    'time_stamp': 1563988359066171392}