<LidarData> {   'point_cloud': [   0.0],
    'pose': <Pose> {   'orientation': <Quaternionr> {   'w_val': 0.9955634474754333,
    'x_val': 0.09346343576908112,
    'y_val': -0.010387293063104153,
    'z_val': 0.0031882182229310274},
    'position': <Vector3r> {   'x_val': 9.434943199157715,
    'y_val': -28.091583251953125,
    'z_val': -16.43634033203125}},
    'time_stamp': 1563996701425621760}