<LidarData> {   'point_cloud': [   0.0],
    'pose': <Pose> {   'orientation': <Quaternionr> {   'w_val': 0.9977185130119324,
    'x_val': -0.012916740030050278,
    'y_val': -0.05154367536306381,
    'z_val': 0.04164382442831993},
    'position': <Vector3r> {   'x_val': 7.637195110321045,
    'y_val': -8.819382667541504,
    'z_val': -15.487524032592773}},
    'time_stamp': 1563996690817395456}