<LidarData> {   'point_cloud': [   0.0],
    'pose': <Pose> {   'orientation': <Quaternionr> {   'w_val': 0.9796268343925476,
    'x_val': 0.08529222011566162,
    'y_val': 0.18179424107074738,
    'z_val': 0.0027250901330262423},
    'position': <Vector3r> {   'x_val': 17.315587997436523,
    'y_val': -8.6685152053833,
    'z_val': -19.26841163635254}},
    'time_stamp': 1563988080150643200}