<LidarData> {   'point_cloud': [   0.0],
    'pose': <Pose> {   'orientation': <Quaternionr> {   'w_val': 0.9996522068977356,
    'x_val': 0.026060447096824646,
    'y_val': -0.0033178296871483326,
    'z_val': 0.0023084492422640324},
    'position': <Vector3r> {   'x_val': 8.47431755065918,
    'y_val': -35.46634292602539,
    'z_val': -16.084030151367188}},
    'time_stamp': 1563988046068595712}