<LidarData> {   'point_cloud': [   0.0],
    'pose': <Pose> {   'orientation': <Quaternionr> {   'w_val': 0.9909540414810181,
    'x_val': -0.016290634870529175,
    'y_val': 0.12782996892929077,
    'z_val': 0.037473175674676895},
    'position': <Vector3r> {   'x_val': 9.722694396972656,
    'y_val': -8.729458808898926,
    'z_val': -15.846114158630371}},
    'time_stamp': 1563996691837417216}