<LidarData> {   'point_cloud': [   0.0],
    'pose': <Pose> {   'orientation': <Quaternionr> {   'w_val': 0.9905958771705627,
    'x_val': -0.017818093299865723,
    'y_val': 0.13007457554340363,
    'z_val': 0.03851078078150749},
    'position': <Vector3r> {   'x_val': 9.805974960327148,
    'y_val': -8.704123497009277,
    'z_val': -15.902360916137695}},
    'time_stamp': 1563988033522328064}