<LidarData> {   'point_cloud': [   0.0],
    'pose': <Pose> {   'orientation': <Quaternionr> {   'w_val': 0.9909172654151917,
    'x_val': -0.016477592289447784,
    'y_val': 0.12747138738632202,
    'z_val': 0.03952861949801445},
    'position': <Vector3r> {   'x_val': 9.80734634399414,
    'y_val': -8.714252471923828,
    'z_val': -15.86100959777832}},
    'time_stamp': 1563988148587681280}