<LidarData> {   'point_cloud': [   0.0],
    'pose': <Pose> {   'orientation': <Quaternionr> {   'w_val': 0.9979261755943298,
    'x_val': -0.013676809147000313,
    'y_val': -0.045794494450092316,
    'z_val': 0.04311896115541458},
    'position': <Vector3r> {   'x_val': 7.789238452911377,
    'y_val': -8.80102825164795,
    'z_val': -15.534255981445312}},
    'time_stamp': 1563988520480625920}