<LidarData> {   'point_cloud': [   0.0],
    'pose': <Pose> {   'orientation': <Quaternionr> {   'w_val': 0.999800980091095,
    'x_val': -0.001264476333744824,
    'y_val': -0.004263531882315874,
    'z_val': 0.01944861188530922},
    'position': <Vector3r> {   'x_val': 9.526564598083496,
    'y_val': -6.864564418792725,
    'z_val': -15.521932601928711}},
    'time_stamp': 1563996852715849216}