<LidarData> {   'point_cloud': [   0.0],
    'pose': <Pose> {   'orientation': <Quaternionr> {   'w_val': 0.9991790652275085,
    'x_val': 0.03967257961630821,
    'y_val': -0.004647866822779179,
    'z_val': 0.006762901786714792},
    'position': <Vector3r> {   'x_val': 8.806632041931152,
    'y_val': -33.98591995239258,
    'z_val': -16.17938232421875}},
    'time_stamp': 1563988533026893568}