<LidarData> {   'point_cloud': [   0.0],
    'pose': <Pose> {   'orientation': <Quaternionr> {   'w_val': 0.978976309299469,
    'x_val': 0.08427873253822327,
    'y_val': 0.18570637702941895,
    'z_val': 0.0039679910987615585},
    'position': <Vector3r> {   'x_val': 17.332698822021484,
    'y_val': -8.661062240600586,
    'z_val': -19.44356346130371}},
    'time_stamp': 1563988028626223616}