<LidarData> {   'point_cloud': [   0.0],
    'pose': <Pose> {   'orientation': <Quaternionr> {   'w_val': 0.9982996582984924,
    'x_val': -0.014612679369747639,
    'y_val': -0.036465540528297424,
    'z_val': 0.043065108358860016},
    'position': <Vector3r> {   'x_val': 7.855894088745117,
    'y_val': -8.791753768920898,
    'z_val': -15.541006088256836}},
    'time_stamp': 1563988084026725888}