<LidarData> {   'point_cloud': [   0.0],
    'pose': <Pose> {   'orientation': <Quaternionr> {   'w_val': 0.9967360496520996,
    'x_val': 0.07804472744464874,
    'y_val': -0.018344979733228683,
    'z_val': -0.009476500563323498},
    'position': <Vector3r> {   'x_val': 9.91117000579834,
    'y_val': -17.1713924407959,
    'z_val': -15.56358528137207}},
    'time_stamp': 1563988351722014720}