<LidarData> {   'point_cloud': [   0.0],
    'pose': <Pose> {   'orientation': <Quaternionr> {   'w_val': 0.9985241293907166,
    'x_val': 0.05266764760017395,
    'y_val': 0.002459092764183879,
    'z_val': 0.01302836462855339},
    'position': <Vector3r> {   'x_val': 9.056418418884277,
    'y_val': -3.5358054637908936,
    'z_val': -15.410568237304688}},
    'time_stamp': 1563996862304053760}