<LidarData> {   'point_cloud': [   0.0],
    'pose': <Pose> {   'orientation': <Quaternionr> {   'w_val': 0.9630611538887024,
    'x_val': 0.24564053118228912,
    'y_val': -0.10933169722557068,
    'z_val': -0.014853615313768387},
    'position': <Vector3r> {   'x_val': 9.712512969970703,
    'y_val': -17.4993953704834,
    'z_val': -16.15343475341797}},
    'time_stamp': 1563988350803995136}