<LidarData> {   'point_cloud': [   0.0],
    'pose': <Pose> {   'orientation': <Quaternionr> {   'w_val': 0.9980701804161072,
    'x_val': 0.06047438085079193,
    'y_val': -0.010768969543278217,
    'z_val': -0.009098034352064133},
    'position': <Vector3r> {   'x_val': 9.973901748657227,
    'y_val': -17.033010482788086,
    'z_val': -15.539254188537598}},
    'time_stamp': 1563988089126834688}