<LidarData> {   'point_cloud': [   0.0],
    'pose': <Pose> {   'orientation': <Quaternionr> {   'w_val': 0.997796356678009,
    'x_val': 0.06452137976884842,
    'y_val': -0.01218539010733366,
    'z_val': -0.009546151384711266},
    'position': <Vector3r> {   'x_val': 9.963415145874023,
    'y_val': -17.082626342773438,
    'z_val': -15.544919967651367}},
    'time_stamp': 1563988152667768320}