<LidarData> {   'point_cloud': [   0.0],
    'pose': <Pose> {   'orientation': <Quaternionr> {   'w_val': 0.995509684085846,
    'x_val': 0.0939735397696495,
    'y_val': -0.010050058364868164,
    'z_val': 0.005339231342077255},
    'position': <Vector3r> {   'x_val': 9.453214645385742,
    'y_val': -28.235139846801758,
    'z_val': -16.44704818725586}},
    'time_stamp': 1563988158073883648}