<LidarData> {   'point_cloud': [   0.0],
    'pose': <Pose> {   'orientation': <Quaternionr> {   'w_val': 0.9980320334434509,
    'x_val': 0.06201978400349617,
    'y_val': -0.006830050144344568,
    'z_val': 0.006247533485293388},
    'position': <Vector3r> {   'x_val': 9.096759796142578,
    'y_val': -31.716106414794922,
    'z_val': -16.35776138305664}},
    'time_stamp': 1563988358148151808}