<LidarData> {   'point_cloud': [   0.0],
    'pose': <Pose> {   'orientation': <Quaternionr> {   'w_val': 0.9998405575752258,
    'x_val': 0.017568113282322884,
    'y_val': -0.0022499749902635813,
    'z_val': 0.002309168688952923},
    'position': <Vector3r> {   'x_val': 8.357065200805664,
    'y_val': -36.40177536010742,
    'z_val': -16.039525985717773}},
    'time_stamp': 1563988046986615296}