<LidarData> {   'point_cloud': [   0.0],
    'pose': <Pose> {   'orientation': <Quaternionr> {   'w_val': 0.9585802555084229,
    'x_val': 0.015442928299307823,
    'y_val': -0.28064295649528503,
    'z_val': 0.04609738662838936},
    'position': <Vector3r> {   'x_val': 6.84375,
    'y_val': -9.013940811157227,
    'z_val': -15.271803855895996}},
    'time_stamp': 1563988083006704128}